8	0
10	1
91	2
417	3
439	4
628	5
833	6
1223	7
1740	8
2101	9
2130	10
2844	11
3740	12
4099	13
4936	14
4972	15
5074	16
5078	17
5530	18
5571	19
6177	20
6206	21
6414	22
6437	23
6684	24
6689	25
6864	26
7264	27
7832	28
7880	29
8133	30
8395	31
9018	32
9968	33
10247	34
10323	35
11267	36
11508	37
11541	38
11607	39
11717	40
11841	41
11870	42
12278	43
12349	44
12364	45
12532	46
12651	47
13025	48
13086	49
13140	50
13257	51
13427	52
13442	53
13626	54
14142	55
14341	56
14417	57
14429	58
14538	59
14624	60
14872	61
14972	62
15002	63
15064	64
15163	65
15174	66
15175	67
15310	68
15324	69
15361	70
15400	71
15532	72
15624	73
15648	74
15768	75
15772	76
15864	77
15881	78
16172	79
16220	80
16230	81
16332	82
16544	83
16600	84
16847	85
16903	86
17075	87
17136	88
17196	89
17350	90
17463	91
17668	92
17729	93
17765	94
17825	95
17836	96
17841	97
17843	98
17925	99
18033	100
18037	101
18051	102
18106	103
18192	104
18217	105
18294	106
18328	107
18356	108
18368	109
18452	110
18455	111
18526	112
18528	113
18578	114
18583	115
18684	116
18737	117
18742	118
18773	119
18806	120
18839	121
18860	122
18876	123
18890	124
19109	125
19130	126
19195	127
19254	128
19286	129
19344	130
19376	131
19421	132
19422	133
19429	134
19465	135
19504	136
19509	137
19556	138
19585	139
19591	140
19607	141
19686	142
19688	143
19702	144
19729	145
19760	146
19777	147
19832	148
19838	149
19901	150
19999	151
20030	152
20122	153
20142	154
20161	155
20163	156
20264	157
20286	158
20475	159
20487	160
20489	161
20530	162
20531	163
20572	164
20581	165
20629	166
20640	167
20641	168
20678	169
20686	170
20693	171
20697	172
20698	173
20708	174
20768	175
20859	176
20902	177
20960	178
20979	179
20980	180
20987	181
21013	182
21054	183
21079	184
21156	185
21165	186
21182	187
21283	188
21331	189
21406	190
21409	191
21571	192
21576	193
21577	194
21738	195
21739	196
21746	197
21749	198
21755	199
21814	200
21884	201
21885	202
22017	203
22048	204
22058	205
22080	206
22100	207
22125	208
22150	209
22158	210
22208	211
22251	212
22279	213
22286	214
22395	215
22403	216
22454	217
22458	218
22462	219
22495	220
22517	221
22599	222
22630	223
22694	224
22782	225
22792	226
22807	227
22817	228
22834	229
22835	230
22883	231
22913	232
22958	233
22981	234
22991	235
22994	236
23027	237
23037	238
23158	239
23194	240
23238	241
23245	242
23249	243
23251	244
23266	245
23285	246
23300	247
23303	248
23305	249
23312	250
23333	251
23349	252
23395	253
23427	254
23439	255
23458	256
23563	257
23578	258
23583	259
23613	260
23634	261
23640	262
23642	263
23649	264
23685	265
23686	266
23694	267
23753	268
23775	269
23817	270
23848	271
23858	272
23876	273
23902	274
23937	275
23948	276
23950	277
23969	278
24034	279
24069	280
24092	281
24120	282
24124	283
24166	284
24183	285
24184	286
24188	287
24216	288
24252	289
24264	290
24316	291
24353	292
24481	293
24548	294
24554	295
24601	296
24660	297
24747	298
24803	299
24831	300
24844	301
24873	302
24894	303
24914	304
24933	305
24989	306
25004	307
25132	308
25263	309
25272	310
25290	311
25301	312
25316	313
25318	314
25330	315
25373	316
25409	317
25413	318
25452	319
25456	320
25461	321
25464	322
25492	323
25494	324
25586	325
25590	326
25591	327
25641	328
25746	329
25759	330
25803	331
25873	332
25878	333
25905	334
25913	335
25919	336
25929	337
25948	338
26029	339
26138	340
26202	341
26258	342
26276	343
26362	344
26465	345
26529	346
26614	347
26721	348
26743	349
26752	350
26778	351
26912	352
26966	353
26971	354
27075	355
27089	356
27113	357
27125	358
27131	359
27133	360
27194	361
27302	362
27327	363
27331	364
27376	365
27462	366
27478	367
27481	368
27532	369
27545	370
27630	371
27652	372
27657	373
27686	374
27698	375
27752	376
27800	377
27876	378
27893	379
27948	380
27977	381
27996	382
28010	383
28021	384
28030	385
28074	386
28141	387
28212	388
28231	389
28232	390
28241	391
28333	392
28346	393
28358	394
28557	395
28597	396
28683	397
28691	398
28772	399
28944	400
28950	401
28988	402
29146	403
29162	404
29179	405
29192	406
29201	407
29284	408
29442	409
29499	410
29539	411
29546	412
29583	413
29594	414
29604	415
29606	416
29608	417
29658	418
29671	419
29682	420
29725	421
29747	422
29772	423
29808	424
29811	425
29843	426
29844	427
29850	428
29892	429
29923	430
29942	431
29947	432
29989	433
29992	434
30241	435
30341	436
30372	437
30413	438
30522	439
30569	440
30637	441
30643	442
30657	443
30714	444
30732	445
30744	446
30754	447
30824	448
30848	449
30879	450
30922	451
30993	452
31022	453
31054	454
31055	455
31060	456
31088	457
31143	458
31152	459
31210	460
31229	461
31235	462
31252	463
31322	464
31334	465
31359	466
31381	467
31385	468
31394	469
31448	470
31455	471
31473	472
31477	473
31505	474
31514	475
31580	476
31602	477
31647	478
31679	479
31725	480
31742	481
31754	482
31762	483
31796	484
31826	485
31828	486
31831	487
31851	488
31867	489
31877	490
31885	491
31951	492
31971	493
31983	494
32045	495
32138	496
32143	497
32145	498
32155	499
32194	500
32234	501
32258	502
32290	503
32338	504
32339	505
32366	506
32376	507
32390	508
32455	509
32484	510
32536	511
32551	512
32553	513
32554	514
32559	515
32599	516
32609	517
32638	518
32643	519
32651	520
32676	521
32701	522
32762	523
32818	524
32828	525
32842	526
32863	527
32873	528
32881	529
32904	530
32910	531
32943	532
32946	533
32976	534
33022	535
33028	536
33029	537
33045	538
33105	539
33107	540
33149	541
33152	542
33234	543
33313	544
33317	545
33373	546
33436	547
33467	548
33517	549
33553	550
33558	551
33563	552
33627	553
33650	554
33717	555
33729	556
33739	557
33740	558
33804	559
33821	560
33836	561
33867	562
33870	563
33871	564
33873	565
33874	566
33879	567
33891	568
33902	569
33922	570
33945	571
34091	572
34167	573
34175	574
34198	575
34204	576
34232	577
34236	578
34240	579
34248	580
34298	581
34384	582
34386	583
34398	584
34409	585
34428	586
34433	587
34445	588
34458	589
34478	590
34492	591
34514	592
34522	593
34546	594
34583	595
34587	596
34591	597
34618	598
34711	599
34716	600
34717	601
34734	602
34778	603
34786	604
34798	605
34862	606
34881	607
34883	608
34890	609
34891	610
34922	611
34936	612
34946	613
34978	614
34985	615
35015	616
35017	617
35093	618
35096	619
35105	620
35140	621
35153	622
35160	623
35211	624
35238	625
35272	626
35279	627
35308	628
35317	629
35318	630
35369	631
35417	632
35421	633
35423	634
35432	635
35446	636
35521	637
35537	638
35567	639
35575	640
35583	641
35605	642
35608	643
35616	644
35640	645
35671	646
35733	647
35751	648
35753	649
35769	650
35771	651
35798	652
35807	653
35854	654
35855	655
35856	656
35884	657
35896	658
35899	659
35957	660
35966	661
35979	662
36027	663
36037	664
36098	665
36112	666
36120	667
36125	668
36126	669
36135	670
36154	671
36172	672
36174	673
36189	674
36217	675
36233	676
36244	677
36260	678
36261	679
36342	680
36348	681
36349	682
36376	683
36377	684
36384	685
36395	686
36400	687
36407	688
36497	689
36506	690
36515	691
36549	692
36613	693
36621	694
36625	695
36641	696
36659	697
36671	698
36673	699
36677	700
36695	701
36699	702
36706	703
36719	704
36731	705
36775	706
36777	707
36810	708
36855	709
36868	710
36872	711
36891	712
36914	713
36931	714
36940	715
36969	716
37008	717
37017	718
37027	719
37059	720
37075	721
37099	722
37101	723
37120	724
37179	725
37219	726
37303	727
37318	728
37323	729
37382	730
37415	731
37469	732
37494	733
37508	734
37514	735
37515	736
37536	737
37549	738
37557	739
37558	740
37595	741
37611	742
37615	743
37627	744
37630	745
37635	746
37638	747
37644	748
37671	749
37674	750
37690	751
37736	752
37749	753
37793	754
37795	755
37800	756
37820	757
37865	758
37884	759
37913	760
37931	761
37981	762
37988	763
38057	764
38108	765
38109	766
38192	767
38213	768
38238	769
38260	770
38279	771
38289	772
38300	773
38338	774
38341	775
38348	776
38355	777
38363	778
38369	779
38417	780
38453	781
38455	782
38461	783
38492	784
38505	785
38559	786
38574	787
38577	788
38615	789
38650	790
38669	791
38727	792
38733	793
38762	794
38777	795
38787	796
38823	797
38854	798
38855	799
38890	800
38905	801
38934	802
38937	803
38965	804
38975	805
38984	806
38988	807
38991	808
39017	809
39035	810
39067	811
39080	812
39116	813
39152	814
39169	815
39192	816
39211	817
39220	818
39224	819
39266	820
39286	821
39294	822
39305	823
39306	824
39337	825
39340	826
39394	827
39416	828
39417	829
39420	830
39428	831
39502	832
39515	833
39566	834
39587	835
39589	836
39594	837
39595	838
39628	839
39631	840
39651	841
39661	842
39676	843
39677	844
39689	845
39694	846
39725	847
39743	848
39761	849
39808	850
39822	851
39826	852
39834	853
39850	854
39895	855
39927	856
39935	857
39998	858
40068	859
40160	860
40185	861
40202	862
40242	863
40271	864
40308	865
40369	866
40418	867
40427	868
40497	869
40499	870
40505	871
40506	872
40522	873
40525	874
40536	875
40552	876
40559	877
40613	878
40636	879
40652	880
40662	881
40665	882
40705	883
40723	884
40724	885
40725	886
40737	887
40746	888
40751	889
40755	890
40761	891
40766	892
40795	893
40806	894
40808	895
40820	896
40823	897
40848	898
40866	899
40872	900
40876	901
40897	902
40906	903
40965	904
40970	905
40978	906
40979	907
41082	908
41085	909
41090	910
41094	911
41113	912
41154	913
41158	914
41162	915
41175	916
41178	917
41238	918
41245	919
41259	920
41300	921
41327	922
41332	923
41386	924
41387	925
41423	926
41452	927
41473	928
41498	929
41507	930
41509	931
41546	932
41587	933
41604	934
41615	935
41619	936
41652	937
41663	938
41671	939
41699	940
41716	941
41718	942
41719	943
41737	944
41744	945
41761	946
41786	947
41838	948
41841	949
41855	950
41859	951
41866	952
41870	953
41931	954
41944	955
41955	956
41959	957
41996	958
42004	959
42040	960
42041	961
42176	962
42179	963
42192	964
42200	965
42208	966
42233	967
42276	968
42327	969
42332	970
42355	971
42369	972
42376	973
42384	974
42393	975
42436	976
42490	977
42524	978
42530	979
42531	980
42541	981
42544	982
42546	983
42593	984
42634	985
42650	986
42727	987
42767	988
42779	989
42786	990
42788	991
42792	992
42804	993
42819	994
42869	995
42876	996
42895	997
42906	998
42958	999
42960	1000
42980	1001
42994	1002
43012	1003
43014	1004
43041	1005
43048	1006
43084	1007
43123	1008
43130	1009
43132	1010
43137	1011
43153	1012
43255	1013
43262	1014
43265	1015
43274	1016
43278	1017
43286	1018
43303	1019
43313	1020
43332	1021
43335	1022
43338	1023
43379	1024
43386	1025
43425	1026
43435	1027
43456	1028
43461	1029
43465	1030
43511	1031
43547	1032
43548	1033
43560	1034
43599	1035
43603	1036
43614	1037
43618	1038
43639	1039
43643	1040
43655	1041
43686	1042
43727	1043
43728	1044
43766	1045
43778	1046
43781	1047
43782	1048
43809	1049
43813	1050
43825	1051
43827	1052
43852	1053
43859	1054
43914	1055
43915	1056
43924	1057
43927	1058
43938	1059
43949	1060
43961	1061
43983	1062
43989	1063
43994	1064
44000	1065
44008	1066
44013	1067
44060	1068
44072	1069
44079	1070
44081	1071
44084	1072
44103	1073
44121	1074
44314	1075
44333	1076
44357	1077
44364	1078
44386	1079
44391	1080
44413	1081
44453	1082
44487	1083
44509	1084
44515	1085
44517	1086
44557	1087
44672	1088
44685	1089
44706	1090
44741	1091
44744	1092
44749	1093
44760	1094
44789	1095
44793	1096
44821	1097
44829	1098
44837	1099
44860	1100
44876	1101
44916	1102
44926	1103
44937	1104
44941	1105
44953	1106
44958	1107
45012	1108
45020	1109
45029	1110
45030	1111
45034	1112
45037	1113
45053	1114
45061	1115
45112	1116
45152	1117
45186	1118
45190	1119
45192	1120
45205	1121
45223	1122
45257	1123
45274	1124
45317	1125
45333	1126
45361	1127
45464	1128
45468	1129
45469	1130
45471	1131
45498	1132
45518	1133
45537	1134
45546	1135
45555	1136
45564	1137
45589	1138
45591	1139
45592	1140
45607	1141
45609	1142
45669	1143
45679	1144
45708	1145
45709	1146
45758	1147
45793	1148
45810	1149
45814	1150
45816	1151
45822	1152
45825	1153
45826	1154
45848	1155
45876	1156
45883	1157
45888	1158
45891	1159
45897	1160
45907	1161
45917	1162
45919	1163
45920	1164
45935	1165
45943	1166
46000	1167
46022	1168
46031	1169
46040	1170
46060	1171
46072	1172
46085	1173
46097	1174
46126	1175
46159	1176
46164	1177
46183	1178
46186	1179
46187	1180
46194	1181
46239	1182
46247	1183
46248	1184
46250	1185
46268	1186
46269	1187
46280	1188
46292	1189
46303	1190
46307	1191
46309	1192
46345	1193
46359	1194
46374	1195
46384	1196
46414	1197
46425	1198
46435	1199
46438	1200
46446	1201
46464	1202
46471	1203
46478	1204
46487	1205
46511	1206
46521	1207
46534	1208
46672	1209
46688	1210
46714	1211
46754	1212
46766	1213
46806	1214
46807	1215
46816	1216
46828	1217
46851	1218
46874	1219
46876	1220
46889	1221
46891	1222
46907	1223
46911	1224
46912	1225
46969	1226
46998	1227
47033	1228
47034	1229
47086	1230
47094	1231
47119	1232
47136	1233
47203	1234
47230	1235
47281	1236
47296	1237
47396	1238
47417	1239
47422	1240
47434	1241
47437	1242
47444	1243
47445	1244
47469	1245
47472	1246
47478	1247
47495	1248
47522	1249
47528	1250
47542	1251
47573	1252
47574	1253
47577	1254
47630	1255
47647	1256
47669	1257
47673	1258
47677	1259
47679	1260
47794	1261
47795	1262
47811	1263
47834	1264
47878	1265
47885	1266
47892	1267
47898	1268
47945	1269
47990	1270
48021	1271
48028	1272
48037	1273
48055	1274
48078	1275
48127	1276
48135	1277
48140	1278
48182	1279
48198	1280
48233	1281
48235	1282
48254	1283
48259	1284
48260	1285
48261	1286
48279	1287
48280	1288
48281	1289
48308	1290
48316	1291
48336	1292
48340	1293
48342	1294
48347	1295
48356	1296
48363	1297
48380	1298
48393	1299
48394	1300
48401	1301
48424	1302
48432	1303
48434	1304
48445	1305
48452	1306
48473	1307
48491	1308
48543	1309
48545	1310
48554	1311
48563	1312
48570	1313
48579	1314
48593	1315
48600	1316
48605	1317
48623	1318
48641	1319
48651	1320
48652	1321
48673	1322
48690	1323
48696	1324
48728	1325
48750	1326
48752	1327
48772	1328
48789	1329
48790	1330
48791	1331
48918	1332
48933	1333
48947	1334
48954	1335
48956	1336
48960	1337
48977	1338
48980	1339
48983	1340
48991	1341
48993	1342
49010	1343
49012	1344
49038	1345
49055	1346
49061	1347
49096	1348
49103	1349
49110	1350
49169	1351
49170	1352
49207	1353
49223	1354
49224	1355
49261	1356
49294	1357
49301	1358
49314	1359
49322	1360
49366	1361
49373	1362
49405	1363
49406	1364
49408	1365
49434	1366
49456	1367
49470	1368
49477	1369
49487	1370
49513	1371
49516	1372
49521	1373
49523	1374
49578	1375
49615	1376
49646	1377
49656	1378
49730	1379
49744	1380
49751	1381
49778	1382
49782	1383
49800	1384
49815	1385
49830	1386
49833	1387
49844	1388
49845	1389
49866	1390
49869	1391
49871	1392
49872	1393
49875	1394
49902	1395
49906	1396
49922	1397
49949	1398
49966	1399
49967	1400
50083	1401
50084	1402
50086	1403
50095	1404
50097	1405
50100	1406
50105	1407
50111	1408
50112	1409
50147	1410
50166	1411
50188	1412
50197	1413
50208	1414
50212	1415
50237	1416
50252	1417
50263	1418
50271	1419
50280	1420
50296	1421
50356	1422
50371	1423
50379	1424
50393	1425
50397	1426
50398	1427
50419	1428
50468	1429
50490	1430
50519	1431
50530	1432
50539	1433
50556	1434
50569	1435
50585	1436
50598	1437
50599	1438
50613	1439
50634	1440
50659	1441
50665	1442
50699	1443
50706	1444
50714	1445
50763	1446
50766	1447
50782	1448
50783	1449
50798	1450
50818	1451
50825	1452
50839	1453
50850	1454
50858	1455
50861	1456
50870	1457
50873	1458
50894	1459
50963	1460
50976	1461
50986	1462
51016	1463
51036	1464
51077	1465
51087	1466
51093	1467
51196	1468
51198	1469
51201	1470
51207	1471
51226	1472
51337	1473
51362	1474
51365	1475
51378	1476
51383	1477
51390	1478
51402	1479
51404	1480
51406	1481
51411	1482
51418	1483
51423	1484
51435	1485
51452	1486
51453	1487
51454	1488
51459	1489
51524	1490
51525	1491
51534	1492
51542	1493
51554	1494
51588	1495
51622	1496
51655	1497
51658	1498
51662	1499
51682	1500
51701	1501
51713	1502
51744	1503
51745	1504
51758	1505
51759	1506
51773	1507
51792	1508
51808	1509
51818	1510
51845	1511
51848	1512
51849	1513
51850	1514
51878	1515
51896	1516
51927	1517
51942	1518
51980	1519
51983	1520
51994	1521
52005	1522
52017	1523
52077	1524
52080	1525
52104	1526
52106	1527
52126	1528
52141	1529
52151	1530
52182	1531
52188	1532
52191	1533
52216	1534
52218	1535
52225	1536
52278	1537
52286	1538
52293	1539
52301	1540
52311	1541
52330	1542
52338	1543
52345	1544
52354	1545
52357	1546
52365	1547
52374	1548
52556	1549
52561	1550
52572	1551
52575	1552
52600	1553
52602	1554
52618	1555
52619	1556
52637	1557
52646	1558
52655	1559
52676	1560
52695	1561
52700	1562
52709	1563
52722	1564
52733	1565
52736	1566
52738	1567
52811	1568
52832	1569
52847	1570
52854	1571
52893	1572
52905	1573
52907	1574
52911	1575
52918	1576
52929	1577
52942	1578
52948	1579
52969	1580
52993	1581
53002	1582
53084	1583
53085	1584
53106	1585
53114	1586
53115	1587
53121	1588
53125	1589
53126	1590
53131	1591
53134	1592
53137	1593
53143	1594
53146	1595
53168	1596
53172	1597
53183	1598
53198	1599
53219	1600
53221	1601
53241	1602
53242	1603
53250	1604
53258	1605
53270	1606
53285	1607
53291	1608
53318	1609
53320	1610
53337	1611
53354	1612
53359	1613
53363	1614
53390	1615
53403	1616
53459	1617
53472	1618
53559	1619
53580	1620
53598	1621
53604	1622
53611	1623
53619	1624
53629	1625
53668	1626
53674	1627
53677	1628
53690	1629
53699	1630
53716	1631
53717	1632
53719	1633
53728	1634
53729	1635
53746	1636
53765	1637
53779	1638
53793	1639
53796	1640
53804	1641
53810	1642
53849	1643
53877	1644
53901	1645
53925	1646
53928	1647
53935	1648
53946	1649
53957	1650
53967	1651
53976	1652
53987	1653
54016	1654
54017	1655
54021	1656
54033	1657
54038	1658
54042	1659
54047	1660
54059	1661
54067	1662
54073	1663
54098	1664
54130	1665
54135	1666
54144	1667
54152	1668
54167	1669
54177	1670
54189	1671
54195	1672
54198	1673
54215	1674
54248	1675
54269	1676
54279	1677
54285	1678
54286	1679
54292	1680
54310	1681
54331	1682
54333	1683
54357	1684
54371	1685
54377	1686
54387	1687
54389	1688
54407	1689
54415	1690
54416	1691
54443	1692
54452	1693
54462	1694
54476	1695
54483	1696
54494	1697
54599	1698
54615	1699
54632	1700
54649	1701
54652	1702
54692	1703
54698	1704
54727	1705
54743	1706
54749	1707
54757	1708
54790	1709
54807	1710
54821	1711
54847	1712
54866	1713
54881	1714
54885	1715
54890	1716
54938	1717
54949	1718
54950	1719
54953	1720
54988	1721
54997	1722
55018	1723
55019	1724
55031	1725
55032	1726
55047	1727
55082	1728
55093	1729
55184	1730
55198	1731
55200	1732
55205	1733
55233	1734
55252	1735
55253	1736
55254	1737
55257	1738
55262	1739
55277	1740
55278	1741
55304	1742
55307	1743
55310	1744
55312	1745
55320	1746
55342	1747
55394	1748
55471	1749
55489	1750
55499	1751
55505	1752
55506	1753
55508	1754
55534	1755
55535	1756
55539	1757
55572	1758
55597	1759
55601	1760
55608	1761
55614	1762
55618	1763
55630	1764
55719	1765
55724	1766
55728	1767
55763	1768
55798	1769
55804	1770
55811	1771
55824	1772
55830	1773
55831	1774
55852	1775
55858	1776
55875	1777
55894	1778
55895	1779
55902	1780
55910	1781
55913	1782
55928	1783
55930	1784
55946	1785
55950	1786
55972	1787
55981	1788
55998	1789
56023	1790
56040	1791
56048	1792
56058	1793
56059	1794
56062	1795
56066	1796
56085	1797
56095	1798
56101	1799
56111	1800
56119	1801
56127	1802
56134	1803
56142	1804
56144	1805
56172	1806
56183	1807
56193	1808
56194	1809
56195	1810
56197	1811
56211	1812
56213	1813
56215	1814
56217	1815
56218	1816
56238	1817
56255	1818
56262	1819
56264	1820
56277	1821
56279	1822
56291	1823
56300	1824
56307	1825
56352	1826
56368	1827
56405	1828
56406	1829
56443	1830
56444	1831
56512	1832
56552	1833
56566	1834
56575	1835
56576	1836
56585	1837
56592	1838
56621	1839
56663	1840
56687	1841
56714	1842
56725	1843
56732	1844
56736	1845
56796	1846
56801	1847
56846	1848
56868	1849
56869	1850
56912	1851
56923	1852
56931	1853
56937	1854
56943	1855
56956	1856
56983	1857
56993	1858
57007	1859
57012	1860
57036	1861
57058	1862
57076	1863
57078	1864
57083	1865
57091	1866
57115	1867
57128	1868
57129	1869
57134	1870
57152	1871
57163	1872
57168	1873
57171	1874
57180	1875
57187	1876
57193	1877
57197	1878
57242	1879
57251	1880
57261	1881
57273	1882
57277	1883
57286	1884
57293	1885
57298	1886
57302	1887
57318	1888
57323	1889
57327	1890
57329	1891
57334	1892
57336	1893
57345	1894
57358	1895
57363	1896
57372	1897
57379	1898
57393	1899
57413	1900
57422	1901
57426	1902
57427	1903
57443	1904
57449	1905
57480	1906
57490	1907
57495	1908
57503	1909
57522	1910
57546	1911
57565	1912
57569	1913
57590	1914
57598	1915
57603	1916
57611	1917
57634	1918
57643	1919
57683	1920
57694	1921
57714	1922
57831	1923
57840	1924
57846	1925
57869	1926
57877	1927
57883	1928
57918	1929
57919	1930
57920	1931
57935	1932
57967	1933
57977	1934
57997	1935
58003	1936
58006	1937
58022	1938
58060	1939
58073	1940
58083	1941
58085	1942
58089	1943
58092	1944
58100	1945
58138	1946
58150	1947
58155	1948
58165	1949
58182	1950
58213	1951
58230	1952
58263	1953
58265	1954
58279	1955
58283	1956
58305	1957
58307	1958
58324	1959
58329	1960
58331	1961
58333	1962
58335	1963
58355	1964
58374	1965
58379	1966
58383	1967
58385	1968
58390	1969
58404	1970
58409	1971
58425	1972
58430	1973
58450	1974
58453	1975
58458	1976
58461	1977
58515	1978
58529	1979
58534	1980
58544	1981
58548	1982
58564	1983
58567	1984
58576	1985
58586	1986
58604	1987
58606	1988
58631	1989
58642	1990
58672	1991
58700	1992
58701	1993
58708	1994
58715	1995
58725	1996
58743	1997
58756	1998
58777	1999
58863	2000
58886	2001
58888	2002
58898	2003
58930	2004
58946	2005
58947	2006
58954	2007
58983	2008
58997	2009
59012	2010
59014	2011
59025	2012
59037	2013
59043	2014
59045	2015
59080	2016
59084	2017
59087	2018
59096	2019
59106	2020
59112	2021
59113	2022
59125	2023
59127	2024
59168	2025
59170	2026
59183	2027
59229	2028
59232	2029
59245	2030
59250	2031
59260	2032
59263	2033
59274	2034
59282	2035
59309	2036
59311	2037
59314	2038
59319	2039
59431	2040
59440	2041
59529	2042
59550	2043
59555	2044
59573	2045
59575	2046
59578	2047
59581	2048
59592	2049
59604	2050
59616	2051
59646	2052
59653	2053
59678	2054
59706	2055
59710	2056
59719	2057
59740	2058
59742	2059
59749	2060
59776	2061
59781	2062
59793	2063
59797	2064
59800	2065
59821	2066
59825	2067
59856	2068
59885	2069
59887	2070
59903	2071
59934	2072
59936	2073
60050	2074
60074	2075
60086	2076
60094	2077
60107	2078
60125	2079
60138	2080
60143	2081
60153	2082
60161	2083
60168	2084
60176	2085
60177	2086
60182	2087
60196	2088
60200	2089
60214	2090
60232	2091
60268	2092
60277	2093
60278	2094
60304	2095
60305	2096
60307	2097
60315	2098
60330	2099
60371	2100
60380	2101
60390	2102
60397	2103
60400	2104
60420	2105
60429	2106
60432	2107
60445	2108
60450	2109
60463	2110
60472	2111
60474	2112
60484	2113
60490	2114
60491	2115
60498	2116
60522	2117
60529	2118
60543	2119
60545	2120
60558	2121
60560	2122
60574	2123
60584	2124
60597	2125
60647	2126
60648	2127
60665	2128
60666	2129
60675	2130
60722	2131
60726	2132
60728	2133
60742	2134
60748	2135
60754	2136
60773	2137
60794	2138
60802	2139
60827	2140
60865	2141
60880	2142
60884	2143
60893	2144
60908	2145
60921	2146
60934	2147
60955	2148
60959	2149
60984	2150
61005	2151
61065	2152
61075	2153
61081	2154
61087	2155
61089	2156
61093	2157
61094	2158
61107	2159
61122	2160
61132	2161
61135	2162
61138	2163
61170	2164
61173	2165
61177	2166
61184	2167
61189	2168
61196	2169
61328	2170
61343	2171
61365	2172
61366	2173
61385	2174
61395	2175
61405	2176
61411	2177
61412	2178
61418	2179
61420	2180
61429	2181
61431	2182
61450	2183
61452	2184
61495	2185
61512	2186
61550	2187
61557	2188
61578	2189
61584	2190
61587	2191
61589	2192
61610	2193
61613	2194
61619	2195
61634	2196
61643	2197
61655	2198
61680	2199
61709	2200
61714	2201
61715	2202
61722	2203
61728	2204
61735	2205
61747	2206
61752	2207
61758	2208
61770	2209
61784	2210
61786	2211
61787	2212
61809	2213
61811	2214
61814	2215
61834	2216
61847	2217
61850	2218
61852	2219
61868	2220
61882	2221
61931	2222
61934	2223
61955	2224
61989	2225
61996	2226
62029	2227
62038	2228
62055	2229
62120	2230
62133	2231
62136	2232
62138	2233
62168	2234
62185	2235
62229	2236
62232	2237
62245	2238
62259	2239
62262	2240
62266	2241
62271	2242
62310	2243
62331	2244
62352	2245
62362	2246
62376	2247
62395	2248
62414	2249
62430	2250
62452	2251
62453	2252
62461	2253
62467	2254
62472	2255
62480	2256
62482	2257
62490	2258
62512	2259
62518	2260
62622	2261
62626	2262
62653	2263
62687	2264
62688	2265
62690	2266
62711	2267
62713	2268
62737	2269
62741	2270
62748	2271
62755	2272
62759	2273
62765	2274
62782	2275
62787	2276
62794	2277
62803	2278
62804	2279
62824	2280
62844	2281
62859	2282
62873	2283
62885	2284
62900	2285
62909	2286
62916	2287
62952	2288
62975	2289
62994	2290
63026	2291
63032	2292
63035	2293
63036	2294
63049	2295
63056	2296
63058	2297
63060	2298
63091	2299
63121	2300
63149	2301
63152	2302
63172	2303
63173	2304
63198	2305
63218	2306
63227	2307
63237	2308
63240	2309
63256	2310
63278	2311
63285	2312
63288	2313
63291	2314
63293	2315
63350	2316
63374	2317
63385	2318
63389	2319
63415	2320
63442	2321
63452	2322
63462	2323
63501	2324
63518	2325
63522	2326
63534	2327
63555	2328
63573	2329
63591	2330
63595	2331
63599	2332
63612	2333
63661	2334
63663	2335
63671	2336
63678	2337
63688	2338
63694	2339
63759	2340
63790	2341
63794	2342
63803	2343
63811	2344
63823	2345
63829	2346
63832	2347
63835	2348
63850	2349
63991	2350
64030	2351
64040	2352
64045	2353
64055	2354
64072	2355
64106	2356
64110	2357
64115	2358
64116	2359
64132	2360
64133	2361
64208	2362
64256	2363
64276	2364
64284	2365
64285	2366
64294	2367
64310	2368
64323	2369
64329	2370
64356	2371
64382	2372
64406	2373
64418	2374
64423	2375
64471	2376
64473	2377
64482	2378
64494	2379
64505	2380
64513	2381
64519	2382
64541	2383
64588	2384
64603	2385
64612	2386
64615	2387
64617	2388
64652	2389
64665	2390
64694	2391
64703	2392
64729	2393
64757	2394
64775	2395
64782	2396
64791	2397
64793	2398
64806	2399
64815	2400
64816	2401
64840	2402
64866	2403
64921	2404
64923	2405
64939	2406
64940	2407
64949	2408
64952	2409
64975	2410
64990	2411
65012	2412
65036	2413
65051	2414
65063	2415
65073	2416
65086	2417
65088	2418
65105	2419
65112	2420
65126	2421
65134	2422
65143	2423
65148	2424
65163	2425
65206	2426
65207	2427
65210	2428
65214	2429
65225	2430
65234	2431
65243	2432
65377	2433
65421	2434
65422	2435
65446	2436
65462	2437
65478	2438
65481	2439
65489	2440
65491	2441
65494	2442
65509	2443
65524	2444
65525	2445
65528	2446
65531	2447
65537	2448
65547	2449
65555	2450
65569	2451
65571	2452
65579	2453
65580	2454
65597	2455
65669	2456
65687	2457
65695	2458
65702	2459
65724	2460
65738	2461
65750	2462
65761	2463
65772	2464
65780	2465
65782	2466
65794	2467
65832	2468
65836	2469
65848	2470
65850	2471
65854	2472
65856	2473
65889	2474
65904	2475
65916	2476
65938	2477
65944	2478
65976	2479
65988	2480
66011	2481
66026	2482
66030	2483
66049	2484
66053	2485
66065	2486
66090	2487
66093	2488
66109	2489
66122	2490
66126	2491
66160	2492
66181	2493
66193	2494
66206	2495
66214	2496
66216	2497
66227	2498
66249	2499
66265	2500
66279	2501
66301	2502
66302	2503
66344	2504
66390	2505
66402	2506
66434	2507
66450	2508
66466	2509
66468	2510
66473	2511
66491	2512
66495	2513
66500	2514
66502	2515
66514	2516
66516	2517
66518	2518
66531	2519
66534	2520
66549	2521
66565	2522
66578	2523
66579	2524
66580	2525
66601	2526
66603	2527
66612	2528
66728	2529
66730	2530
66732	2531
66740	2532
66763	2533
66765	2534
66767	2535
66769	2536
66773	2537
66808	2538
66816	2539
66817	2540
66819	2541
66831	2542
66845	2543
66849	2544
66894	2545
66895	2546
66921	2547
66958	2548
66963	2549
66988	2550
66989	2551
66993	2552
66995	2553
66999	2554
67002	2555
67003	2556
67040	2557
67065	2558
67084	2559
67085	2560
67093	2561
67099	2562
67108	2563
67112	2564
67116	2565
67128	2566
67140	2567
67144	2568
67185	2569
67192	2570
67217	2571
67227	2572
67229	2573
67274	2574
67275	2575
67277	2576
67309	2577
67324	2578
67328	2579
67334	2580
67341	2581
67355	2582
67361	2583
67372	2584
67402	2585
67411	2586
67418	2587
67421	2588
67429	2589
67433	2590
67445	2591
67457	2592
67458	2593
67482	2594
67487	2595
67489	2596
67525	2597
67527	2598
67528	2599
67541	2600
67549	2601
67588	2602
67622	2603
67625	2604
67630	2605
67633	2606
67647	2607
67650	2608
67699	2609
67713	2610
67727	2611
67731	2612
67741	2613
67750	2614
67756	2615
67774	2616
67800	2617
67803	2618
67805	2619
67809	2620
67824	2621
67848	2622
67866	2623
67893	2624
67900	2625
67927	2626
67952	2627
67959	2628
67962	2629
67975	2630
67983	2631
67989	2632
67992	2633
68152	2634
68154	2635
68168	2636
68182	2637
68205	2638
68230	2639
68233	2640
68235	2641
68257	2642
68278	2643
68282	2644
68285	2645
68309	2646
68324	2647
68327	2648
68334	2649
68339	2650
68347	2651
68361	2652
68370	2653
68384	2654
68408	2655
68414	2656
68421	2657
68424	2658
68444	2659
68457	2660
68458	2661
68468	2662
68473	2663
68491	2664
68498	2665
68503	2666
68505	2667
68509	2668
68537	2669
68555	2670
68569	2671
68575	2672
68576	2673
68611	2674
68612	2675
68615	2676
68637	2677
68638	2678
68646	2679
68699	2680
68713	2681
68724	2682
68732	2683
68762	2684
68767	2685
68768	2686
68786	2687
68795	2688
68805	2689
68833	2690
68863	2691
68909	2692
68931	2693
68935	2694
68939	2695
68981	2696
69018	2697
69019	2698
69089	2699
69095	2700
69097	2701
69113	2702
69121	2703
69186	2704
69191	2705
69198	2706
69219	2707
69220	2708
69235	2709
69280	2710
69281	2711
69289	2712
69291	2713
69293	2714
69303	2715
69311	2716
69320	2717
69332	2718
69334	2719
69341	2720
69372	2721
69375	2722
69400	2723
69404	2724
69427	2725
69452	2726
69467	2727
69495	2728
69515	2729
69528	2730
69687	2731
69697	2732
69704	2733
69715	2734
69747	2735
69754	2736
69761	2737
69762	2738
69765	2739
69768	2740
69786	2741
69792	2742
69822	2743
69824	2744
69834	2745
69838	2746
69841	2747
69847	2748
69848	2749
69865	2750
69890	2751
69895	2752
69897	2753
69920	2754
69945	2755
69946	2756
69947	2757
69966	2758
69976	2759
69994	2760
69995	2761
70016	2762
70022	2763
70034	2764
70039	2765
70040	2766
70047	2767
70071	2768
70077	2769
70078	2770
70119	2771
70121	2772
70130	2773
70136	2774
70155	2775
70165	2776
70169	2777
70215	2778
70239	2779
70245	2780
70246	2781
70253	2782
70290	2783
70291	2784
70294	2785
70297	2786
70300	2787
70328	2788
70334	2789
70337	2790
70350	2791
70351	2792
70354	2793
70355	2794
70359	2795
70379	2796
70393	2797
70404	2798
70460	2799
70464	2800
70488	2801
70506	2802
70509	2803
70510	2804
70511	2805
70518	2806
70531	2807
70544	2808
70593	2809
70608	2810
70622	2811
70636	2812
70640	2813
70643	2814
70656	2815
70666	2816
70672	2817
70680	2818
70689	2819
70694	2820
70698	2821
70707	2822
70723	2823
70735	2824
70736	2825
70748	2826
70782	2827
70788	2828
70791	2829
70800	2830
70814	2831
70819	2832
70825	2833
70832	2834
70834	2835
70842	2836
70849	2837
70869	2838
70895	2839
70903	2840
70909	2841
70917	2842
70921	2843
70948	2844
70959	2845
71110	2846
71115	2847
71129	2848
71141	2849
71143	2850
71198	2851
71200	2852
71222	2853
71227	2854
71230	2855
71233	2856
71249	2857
71269	2858
71274	2859
71275	2860
71281	2861
71315	2862
71318	2863
71360	2864
71361	2865
71396	2866
71402	2867
71408	2868
71411	2869
71412	2870
71424	2871
71431	2872
71442	2873
71455	2874
71458	2875
71483	2876
71487	2877
71508	2878
71512	2879
71517	2880
71519	2881
71521	2882
71524	2883
71532	2884
71562	2885
71565	2886
71571	2887
71577	2888
71583	2889
71598	2890
71604	2891
71607	2892
71613	2893
71615	2894
71626	2895
71627	2896
71628	2897
71663	2898
71671	2899
71675	2900
71680	2901
71690	2902
71691	2903
71696	2904
71706	2905
71721	2906
71733	2907
71746	2908
71771	2909
71772	2910
71790	2911
71798	2912
71807	2913
71819	2914
71824	2915
71840	2916
71853	2917
71859	2918
71866	2919
71877	2920
71910	2921
71935	2922
71950	2923
71970	2924
71992	2925
71994	2926
72007	2927
72037	2928
72067	2929
72080	2930
72081	2931
72148	2932
72157	2933
72172	2934
72226	2935
72228	2936
72231	2937
72233	2938
72235	2939
72239	2940
72251	2941
72263	2942
72271	2943
72272	2944
72274	2945
72281	2946
72284	2947
72285	2948
72288	2949
72307	2950
72308	2951
72353	2952
72417	2953
72431	2954
72439	2955
72443	2956
72446	2957
72626	2958
72653	2959
72662	2960
72666	2961
72684	2962
72709	2963
72730	2964
72732	2965
72735	2966
72750	2967
72764	2968
72777	2969
72782	2970
72820	2971
72856	2972
72860	2973
72869	2974
72890	2975
72901	2976
72912	2977
72913	2978
72926	2979
72951	2980
72962	2981
72973	2982
72976	2983
72979	2984
72991	2985
72993	2986
73000	2987
73018	2988
73019	2989
73026	2990
73043	2991
73076	2992
73092	2993
73109	2994
73114	2995
73133	2996
73152	2997
73172	2998
73195	2999
73210	3000
73233	3001
73244	3002
73260	3003
73312	3004
73335	3005
73341	3006
73349	3007
73373	3008
73407	3009
73432	3010
73440	3011
73453	3012
73470	3013
73471	3014
73486	3015
73496	3016
73502	3017
73540	3018
73559	3019
73573	3020
73580	3021
73582	3022
73594	3023
73600	3024
73629	3025
73631	3026
73636	3027
73650	3028
73692	3029
73705	3030
73707	3031
73714	3032
73747	3033
73756	3034
73766	3035
73778	3036
73800	3037
73802	3038
73812	3039
73817	3040
73836	3041
73858	3042
73879	3043
73880	3044
73882	3045
73918	3046
73925	3047
74080	3048
74084	3049
74102	3050
74103	3051
74119	3052
74130	3053
74156	3054
74157	3055
74174	3056
74211	3057
74235	3058
74254	3059
74256	3060
74258	3061
74279	3062
74281	3063
74285	3064
74286	3065
74291	3066
74312	3067
74360	3068
74390	3069
74412	3070
74422	3071
74437	3072
74442	3073
74447	3074
74452	3075
74455	3076
74477	3077
74483	3078
74486	3079
74512	3080
74540	3081
74554	3082
74559	3083
74564	3084
74584	3085
74593	3086
74605	3087
74653	3088
74670	3089
74695	3090
74730	3091
74736	3092
74740	3093
74749	3094
74751	3095
74775	3096
74777	3097
74782	3098
74806	3099
74811	3100
74812	3101
74851	3102
74857	3103
74860	3104
74880	3105
74896	3106
74899	3107
74906	3108
74909	3109
74910	3110
74937	3111
74958	3112
74971	3113
74991	3114
75005	3115
75016	3116
75029	3117
75066	3118
75082	3119
75086	3120
75143	3121
75147	3122
75148	3123
75152	3124
75161	3125
75163	3126
75164	3127
75165	3128
75168	3129
75177	3130
75194	3131
75213	3132
75222	3133
75223	3134
75244	3135
75248	3136
75249	3137
75268	3138
75276	3139
75294	3140
75314	3141
75323	3142
75334	3143
75342	3144
75347	3145
75352	3146
75357	3147
75404	3148
75432	3149
75433	3150
75462	3151
75612	3152
75648	3153
75654	3154
75666	3155
75669	3156
75675	3157
75686	3158
75704	3159
75710	3160
75718	3161
75740	3162
75765	3163
75783	3164
75784	3165
75788	3166
75790	3167
75809	3168
75820	3169
75824	3170
75838	3171
75857	3172
75860	3173
75913	3174
75922	3175
75925	3176
75930	3177
75932	3178
75938	3179
75946	3180
75968	3181
75989	3182
75990	3183
75995	3184
76009	3185
76023	3186
76028	3187
76054	3188
76059	3189
76070	3190
76085	3191
76095	3192
76100	3193
76101	3194
76137	3195
76141	3196
76150	3197
76155	3198
76162	3199
76191	3200
76200	3201
76221	3202
76227	3203
76245	3204
76257	3205
76277	3206
76295	3207
76312	3208
76313	3209
76327	3210
76336	3211
76348	3212
76363	3213
76398	3214
76451	3215
76489	3216
76504	3217
76535	3218
76538	3219
76574	3220
76578	3221
76584	3222
76590	3223
76618	3224
76630	3225
76637	3226
76666	3227
76670	3228
76683	3229
76696	3230
76704	3231
76709	3232
76715	3233
76722	3234
76723	3235
76727	3236
76729	3237
76734	3238
76740	3239
76741	3240
76752	3241
76755	3242
76759	3243
76767	3244
76786	3245
76788	3246
76843	3247
76853	3248
76865	3249
76915	3250
76920	3251
76929	3252
76935	3253
77132	3254
77138	3255
77160	3256
77188	3257
77189	3258
77199	3259
77234	3260
77235	3261
77247	3262
77248	3263
77269	3264
77272	3265
77275	3266
77280	3267
77288	3268
77289	3269
77294	3270
77300	3271
77332	3272
77351	3273
77355	3274
77360	3275
77362	3276
77369	3277
77381	3278
77394	3279
77398	3280
77402	3281
77405	3282
77413	3283
77416	3284
77421	3285
77450	3286
77452	3287
77474	3288
77523	3289
77524	3290
77530	3291
77531	3292
77549	3293
77559	3294
77572	3295
77578	3296
77588	3297
77594	3298
77597	3299
77621	3300
77631	3301
77651	3302
77663	3303
77681	3304
77696	3305
77698	3306
77711	3307
77713	3308
77714	3309
77742	3310
77743	3311
77745	3312
77756	3313
77766	3314
77768	3315
77769	3316
77775	3317
77800	3318
77834	3319
77838	3320
77869	3321
77889	3322
77895	3323
77904	3324
77914	3325
77928	3326
77942	3327
77945	3328
77975	3329
78058	3330
78073	3331
78087	3332
78106	3333
78111	3334
78163	3335
78199	3336
78239	3337
78243	3338
78269	3339
78281	3340
78326	3341
78346	3342
78355	3343
78360	3344
78389	3345
78405	3346
78437	3347
78446	3348
78470	3349
78480	3350
78481	3351
78490	3352
78492	3353
78504	3354
78513	3355
78718	3356
78721	3357
78723	3358
78748	3359
78754	3360
78763	3361
78767	3362
78778	3363
78780	3364
78784	3365
78788	3366
78790	3367
78841	3368
78856	3369
78869	3370
78872	3371
78875	3372
78880	3373
78902	3374
78908	3375
78915	3376
78917	3377
78925	3378
78935	3379
78936	3380
78950	3381
78960	3382
78966	3383
78989	3384
79020	3385
79073	3386
79082	3387
79095	3388
79100	3389
79116	3390
79117	3391
79126	3392
79135	3393
79168	3394
79180	3395
79182	3396
79200	3397
79221	3398
79227	3399
79239	3400
79240	3401
79261	3402
79271	3403
79285	3404
79300	3405
79311	3406
79320	3407
79322	3408
79367	3409
79417	3410
79428	3411
79470	3412
79477	3413
79482	3414
79489	3415
79501	3416
79512	3417
79514	3418
79522	3419
79540	3420
79550	3421
79574	3422
79576	3423
79579	3424
79588	3425
79596	3426
79640	3427
79641	3428
79642	3429
79668	3430
79672	3431
79679	3432
79714	3433
79732	3434
79738	3435
79758	3436
79759	3437
79766	3438
79781	3439
79808	3440
79813	3441
79817	3442
79820	3443
79826	3444
79833	3445
79859	3446
79869	3447
79871	3448
79924	3449
79944	3450
79945	3451
79946	3452
80009	3453
80012	3454
80025	3455
80031	3456
80040	3457
80057	3458
80114	3459
80117	3460
80120	3461
80130	3462
80140	3463
80149	3464
80159	3465
80166	3466
80179	3467
80180	3468
80310	3469
80319	3470
80339	3471
80360	3472
80365	3473
80377	3474
80388	3475
80391	3476
80402	3477
80406	3478
80408	3479
80421	3480
80431	3481
80436	3482
80437	3483
80439	3484
80453	3485
80455	3486
80464	3487
80474	3488
80479	3489
80485	3490
80487	3491
80491	3492
80500	3493
80503	3494
80516	3495
80530	3496
80539	3497
80549	3498
80569	3499
80603	3500
80605	3501
80610	3502
80646	3503
80648	3504
80661	3505
80662	3506
80671	3507
80678	3508
80684	3509
80707	3510
80716	3511
80736	3512
80738	3513
80745	3514
80749	3515
80752	3516
80755	3517
80756	3518
80761	3519
80770	3520
80801	3521
80802	3522
80839	3523
80843	3524
80853	3525
80855	3526
80861	3527
80889	3528
80895	3529
80904	3530
80913	3531
80919	3532
80923	3533
80924	3534
80931	3535
80934	3536
80948	3537
80979	3538
81027	3539
81059	3540
81070	3541
81071	3542
81076	3543
81081	3544
81099	3545
81112	3546
81114	3547
81159	3548
81163	3549
81176	3550
81178	3551
81184	3552
81186	3553
81230	3554
81237	3555
81248	3556
81259	3557
81283	3558
81291	3559
81318	3560
81323	3561
81353	3562
81375	3563
81383	3564
81398	3565
81455	3566
81470	3567
81480	3568
81499	3569
81505	3570
81506	3571
81517	3572
81522	3573
81529	3574
81534	3575
81547	3576
81554	3577
81562	3578
81568	3579
81573	3580
81606	3581
81631	3582
81633	3583
81677	3584
81693	3585
81696	3586
81698	3587
81738	3588
81747	3589
81748	3590
81753	3591
81760	3592
81764	3593
81777	3594
81793	3595
81809	3596
81974	3597
81991	3598
82000	3599
82001	3600
82009	3601
82010	3602
82025	3603
82031	3604
82050	3605
82073	3606
82083	3607
82084	3608
82085	3609
82089	3610
82094	3611
82096	3612
82118	3613
82136	3614
82158	3615
82162	3616
82163	3617
82176	3618
82186	3619
82198	3620
82199	3621
82200	3622
82222	3623
82237	3624
82242	3625
82243	3626
82245	3627
82247	3628
82250	3629
82252	3630
82256	3631
82269	3632
82276	3633
82288	3634
82307	3635
82318	3636
82332	3637
82334	3638
82340	3639
82342	3640
82346	3641
82348	3642
82351	3643
82352	3644
82353	3645
82370	3646
82377	3647
82378	3648
82379	3649
82398	3650
82399	3651
82402	3652
82406	3653
82407	3654
82416	3655
82418	3656
82427	3657
82431	3658
82432	3659
82443	3660
82467	3661
82474	3662
82477	3663
82484	3664
82495	3665
82497	3666
82508	3667
82509	3668
82511	3669
82517	3670
82518	3671
82522	3672
82533	3673
82537	3674
82562	3675
82592	3676
82601	3677
82633	3678
82644	3679
82648	3680
82671	3681
82677	3682
82694	3683
82696	3684
82700	3685
82714	3686
82736	3687
82748	3688
82764	3689
82766	3690
82776	3691
82782	3692
82783	3693
82806	3694
82812	3695
82813	3696
82817	3697
82846	3698
82853	3699
82869	3700
82893	3701
82910	3702
82912	3703
82924	3704
82926	3705
82933	3706
82934	3707
82945	3708
82949	3709
82951	3710
82964	3711
82966	3712
82971	3713
82979	3714
82986	3715
82988	3716
83015	3717
83033	3718
83034	3719
83081	3720
83089	3721
83107	3722
83109	3723
83111	3724
83113	3725
83131	3726
83144	3727
83155	3728
83169	3729
83170	3730
83190	3731
83193	3732
83232	3733
83250	3734
83260	3735
83271	3736
83275	3737
83281	3738
83284	3739
83296	3740
83336	3741
83365	3742
83506	3743
83511	3744
83530	3745
83541	3746
83543	3747
83550	3748
83557	3749
83564	3750
83565	3751
83580	3752
83590	3753
83624	3754
83628	3755
83630	3756
83642	3757
83657	3758
83658	3759
83675	3760
83701	3761
83722	3762
83739	3763
83745	3764
83755	3765
83767	3766
83789	3767
83791	3768
83798	3769
83801	3770
83806	3771
83833	3772
83851	3773
83866	3774
83869	3775
83906	3776
83907	3777
83908	3778
83922	3779
83929	3780
83941	3781
83943	3782
83944	3783
83946	3784
83951	3785
83960	3786
83967	3787
83972	3788
83976	3789
83987	3790
83996	3791
84021	3792
84028	3793
84088	3794
84096	3795
84111	3796
84151	3797
84199	3798
84206	3799
84228	3800
84234	3801
84237	3802
84296	3803
84315	3804
84316	3805
84329	3806
84335	3807
84345	3808
84354	3809
84359	3810
84370	3811
84387	3812
84390	3813
84412	3814
84434	3815
84445	3816
84465	3817
84472	3818
84477	3819
84488	3820
84489	3821
84503	3822
84504	3823
84516	3824
84522	3825
84549	3826
84555	3827
84556	3828
84565	3829
84577	3830
84597	3831
84602	3832
84633	3833
84649	3834
84654	3835
84658	3836
84667	3837
84695	3838
84701	3839
84704	3840
84707	3841
84719	3842
84726	3843
84732	3844
84737	3845
84739	3846
84740	3847
84745	3848
84749	3849
84777	3850
84778	3851
84787	3852
84788	3853
84805	3854
84809	3855
84827	3856
84846	3857
84855	3858
84861	3859
84865	3860
84866	3861
84867	3862
84868	3863
84899	3864
84917	3865
84934	3866
84945	3867
85121	3868
85148	3869
85154	3870
85156	3871
85159	3872
85183	3873
85204	3874
85210	3875
85211	3876
85213	3877
85218	3878
85224	3879
85234	3880
85244	3881
85245	3882
85251	3883
85253	3884
85255	3885
85271	3886
85276	3887
85318	3888
85327	3889
85333	3890
85334	3891
85346	3892
85356	3893
85370	3894
85382	3895
85385	3896
85387	3897
85388	3898
85392	3899
85407	3900
85412	3901
85420	3902
85450	3903
85461	3904
85474	3905
85475	3906
85478	3907
85482	3908
85496	3909
85542	3910
85549	3911
85601	3912
85615	3913
85626	3914
85632	3915
85636	3916
85640	3917
85678	3918
85693	3919
85694	3920
85701	3921
85706	3922
85743	3923
85750	3924
85769	3925
85776	3926
85780	3927
85794	3928
85809	3929
85811	3930
85859	3931
85862	3932
85867	3933
85868	3934
85894	3935
85900	3936
85912	3937
85933	3938
85936	3939
85937	3940
85959	3941
85970	3942
85995	3943
86005	3944
86006	3945
86014	3946
86022	3947
86034	3948
86050	3949
86066	3950
86067	3951
86112	3952
86119	3953
86129	3954
86135	3955
86143	3956
86154	3957
86182	3958
86190	3959
86192	3960
86197	3961
86200	3962
86216	3963
86242	3964
86248	3965
86250	3966
86263	3967
86264	3968
86312	3969
86320	3970
86331	3971
86346	3972
86349	3973
86355	3974
86356	3975
86361	3976
86373	3977
86377	3978
86383	3979
86393	3980
86397	3981
86423	3982
86425	3983
86428	3984
86429	3985
86443	3986
86449	3987
86450	3988
86465	3989
86491	3990
86508	3991
86510	3992
86541	3993
86551	3994
86567	3995
86589	3996
86593	3997
86606	3998
86610	3999
86617	4000
86618	4001
86619	4002
86637	4003
86643	4004
86650	4005
86837	4006
86855	4007
86856	4008
86859	4009
86873	4010
86879	4011
86896	4012
86904	4013
86927	4014
86946	4015
86960	4016
86961	4017
86969	4018
86972	4019
86973	4020
86979	4021
86984	4022
86993	4023
86994	4024
86998	4025
86999	4026
87003	4027
87004	4028
87015	4029
87020	4030
87032	4031
87042	4032
87050	4033
87062	4034
87065	4035
87072	4036
87075	4037
87078	4038
87089	4039
87100	4040
87127	4041
87130	4042
87133	4043
87135	4044
87175	4045
87181	4046
87182	4047
87188	4048
87197	4049
87229	4050
87231	4051
87233	4052
87243	4053
87262	4054
87265	4055
87268	4056
87277	4057
87280	4058
87291	4059
87298	4060
87332	4061
87336	4062
87344	4063
87349	4064
87363	4065
87365	4066
87385	4067
87386	4068
87414	4069
87423	4070
87432	4071
87433	4072
87451	4073
87469	4074
87480	4075
87481	4076
87482	4077
87507	4078
87523	4079
87538	4080
87544	4081
87550	4082
87553	4083
87597	4084
87622	4085
87629	4086
87635	4087
87644	4088
87666	4089
87727	4090
87747	4091
87755	4092
87781	4093
87799	4094
87800	4095
87803	4096
87805	4097
87825	4098
87843	4099
87884	4100
87892	4101
87909	4102
87910	4103
87928	4104
87932	4105
87957	4106
87968	4107
87985	4108
87995	4109
87998	4110
88000	4111
88001	4112
88011	4113
88015	4114
88024	4115
88028	4116
88044	4117
88074	4118
88083	4119
88099	4120
88117	4121
88128	4122
88146	4123
88161	4124
88170	4125
88172	4126
88178	4127
88184	4128
88194	4129
88196	4130
88206	4131
88224	4132
88247	4133
88249	4134
88258	4135
88272	4136
88275	4137
88286	4138
88323	4139
88338	4140
88402	4141
88414	4142
88461	4143
88680	4144
88683	4145
88707	4146
88708	4147
88758	4148
88763	4149
88782	4150
88794	4151
88814	4152
88846	4153
88847	4154
88850	4155
88856	4156
88870	4157
88889	4158
88930	4159
88933	4160
88939	4161
88944	4162
88961	4163
88967	4164
88979	4165
88987	4166
88993	4167
89003	4168
89009	4169
89013	4170
89015	4171
89017	4172
89048	4173
89066	4174
89092	4175
89114	4176
89118	4177
89126	4178
89155	4179
89169	4180
89173	4181
89175	4182
89200	4183
89208	4184
89218	4185
89222	4186
89243	4187
89265	4188
89276	4189
89280	4190
89283	4191
89308	4192
89338	4193
89343	4194
89346	4195
89348	4196
89360	4197
89370	4198
89374	4199
89393	4200
89421	4201
89424	4202
89444	4203
89457	4204
89461	4205
89469	4206
89470	4207
89473	4208
89489	4209
89504	4210
89523	4211
89530	4212
89537	4213
89543	4214
89552	4215
89560	4216
89562	4217
89591	4218
89599	4219
89604	4220
89606	4221
89643	4222
89646	4223
89665	4224
89670	4225
89686	4226
89695	4227
89730	4228
89731	4229
89733	4230
89740	4231
89748	4232
89755	4233
89767	4234
89791	4235
89822	4236
89826	4237
89832	4238
89839	4239
89841	4240
89853	4241
89869	4242
89880	4243
89881	4244
89885	4245
89886	4246
89893	4247
89901	4248
89904	4249
89907	4250
89908	4251
89918	4252
89927	4253
89941	4254
89945	4255
89960	4256
89961	4257
89964	4258
90015	4259
90021	4260
90022	4261
90055	4262
90056	4263
90060	4264
90073	4265
90092	4266
90094	4267
90095	4268
90098	4269
90103	4270
90110	4271
90130	4272
90142	4273
90180	4274
90190	4275
90192	4276
90196	4277
90197	4278
90203	4279
90213	4280
90217	4281
90233	4282
90246	4283
90247	4284
90250	4285
90251	4286
90257	4287
90259	4288
90264	4289
90270	4290
90293	4291
90305	4292
90310	4293
90315	4294
90319	4295
90322	4296
90327	4297
90329	4298
90350	4299
90357	4300
90366	4301
90555	4302
90557	4303
90563	4304
90567	4305
90570	4306
90579	4307
90583	4308
90605	4309
90633	4310
90655	4311
90670	4312
90685	4313
90693	4314
90713	4315
90727	4316
90728	4317
90735	4318
90738	4319
90750	4320
90753	4321
90756	4322
90768	4323
90771	4324
90774	4325
90793	4326
90798	4327
90807	4328
90812	4329
90830	4330
90837	4331
90848	4332
90849	4333
90852	4334
90859	4335
90863	4336
90881	4337
90886	4338
90887	4339
90888	4340
90917	4341
90927	4342
90928	4343
90930	4344
90952	4345
90966	4346
90967	4347
90982	4348
90985	4349
91019	4350
91024	4351
91027	4352
91042	4353
91055	4354
91059	4355
91064	4356
91080	4357
91083	4358
91093	4359
91129	4360
91148	4361
91149	4362
91159	4363
91165	4364
91167	4365
91187	4366
91188	4367
91203	4368
91209	4369
91213	4370
91214	4371
91217	4372
91223	4373
91225	4374
91251	4375
91276	4376
91278	4377
91288	4378
91306	4379
91326	4380
91327	4381
91338	4382
91339	4383
91355	4384
91369	4385
91374	4386
91396	4387
91419	4388
91431	4389
91445	4390
91462	4391
91464	4392
91474	4393
91480	4394
91495	4395
91497	4396
91498	4397
91499	4398
91506	4399
91510	4400
91530	4401
91538	4402
91541	4403
91554	4404
91557	4405
91559	4406
91560	4407
91578	4408
91579	4409
91605	4410
91630	4411
91635	4412
91637	4413
91642	4414
91647	4415
91653	4416
91658	4417
91670	4418
91671	4419
91680	4420
91707	4421
91738	4422
91763	4423
91777	4424
91778	4425
91790	4426
91799	4427
91814	4428
91817	4429
91819	4430
91828	4431
91829	4432
91830	4433
91837	4434
91859	4435
91860	4436
91867	4437
91875	4438
91877	4439
91886	4440
91911	4441
91934	4442
91939	4443
91949	4444
91954	4445
91969	4446
91983	4447
91991	4448
91993	4449
92005	4450
92007	4451
92022	4452
92030	4453
92048	4454
92067	4455
92068	4456
92074	4457
92076	4458
92085	4459
92086	4460
92090	4461
92099	4462
92105	4463
92106	4464
92112	4465
92115	4466
92147	4467
92214	4468
92220	4469
92226	4470
92240	4471
92263	4472
92272	4473
92298	4474
92493	4475
92494	4476
92513	4477
92546	4478
92549	4479
92559	4480
92563	4481
92576	4482
92585	4483
92593	4484
92603	4485
92605	4486
92610	4487
92615	4488
92618	4489
92627	4490
92632	4491
92641	4492
92644	4493
92651	4494
92654	4495
92666	4496
92669	4497
92675	4498
92695	4499
92699	4500
92710	4501
92718	4502
92720	4503
92732	4504
92744	4505
92745	4506
92783	4507
92796	4508
92802	4509
92812	4510
92834	4511
92843	4512
92847	4513
92854	4514
92857	4515
92879	4516
92890	4517
92906	4518
92925	4519
92933	4520
92937	4521
92948	4522
92965	4523
92972	4524
92974	4525
92991	4526
92997	4527
93004	4528
93010	4529
93011	4530
93036	4531
93044	4532
93051	4533
93058	4534
93072	4535
93075	4536
93090	4537
93091	4538
93105	4539
93132	4540
93137	4541
93139	4542
93144	4543
93148	4544
93164	4545
93171	4546
93177	4547
93185	4548
93191	4549
93200	4550
93206	4551
93209	4552
93220	4553
93223	4554
93227	4555
93228	4556
93229	4557
93260	4558
93278	4559
93300	4560
93342	4561
93347	4562
93348	4563
93378	4564
93389	4565
93407	4566
93409	4567
93412	4568
93416	4569
93418	4570
93427	4571
93428	4572
93437	4573
93476	4574
93477	4575
93483	4576
93493	4577
93497	4578
93507	4579
93509	4580
93512	4581
93543	4582
93560	4583
93561	4584
93565	4585
93578	4586
93582	4587
93596	4588
93605	4589
93608	4590
93624	4591
93629	4592
93638	4593
93640	4594
93645	4595
93648	4596
93664	4597
93690	4598
93692	4599
93693	4600
93713	4601
93737	4602
93744	4603
93748	4604
93754	4605
93756	4606
93773	4607
93776	4608
93777	4609
93779	4610
93780	4611
93818	4612
93820	4613
93822	4614
93832	4615
93833	4616
93854	4617
93855	4618
93870	4619
93886	4620
93894	4621
93912	4622
93936	4623
93940	4624
93955	4625
93978	4626
93995	4627
93996	4628
94006	4629
94008	4630
94011	4631
94012	4632
94021	4633
94025	4634
94027	4635
94035	4636
94056	4637
94057	4638
94070	4639
94072	4640
94074	4641
94077	4642
94108	4643
94118	4644
94124	4645
94137	4646
94138	4647
94142	4648
94155	4649
94226	4650
94291	4651
94293	4652
94315	4653
94320	4654
94321	4655
94331	4656
94332	4657
94336	4658
94347	4659
94349	4660
94357	4661
94361	4662
94364	4663
94384	4664
94588	4665
94593	4666
94597	4667
94602	4668
94606	4669
94608	4670
94612	4671
94621	4672
94625	4673
94631	4674
94641	4675
94651	4676
94663	4677
94671	4678
94675	4679
94678	4680
94715	4681
94716	4682
94721	4683
94737	4684
94739	4685
94744	4686
94746	4687
94747	4688
94750	4689
94752	4690
94761	4691
94793	4692
94799	4693
94812	4694
94819	4695
94828	4696
94842	4697
94862	4698
94884	4699
94886	4700
94888	4701
94889	4702
94890	4703
94894	4704
94898	4705
94901	4706
94907	4707
94910	4708
94919	4709
94921	4710
94923	4711
94924	4712
94947	4713
94961	4714
94963	4715
94964	4716
94980	4717
94992	4718
94998	4719
95016	4720
95031	4721
95036	4722
95037	4723
95040	4724
95050	4725
95088	4726
95107	4727
95120	4728
95122	4729
95125	4730
95159	4731
95169	4732
95174	4733
95179	4734
95187	4735
95188	4736
95238	4737
95243	4738
95250	4739
95253	4740
95270	4741
95271	4742
95276	4743
95277	4744
95294	4745
95296	4746
95299	4747
95300	4748
95302	4749
95312	4750
95327	4751
95329	4752
95341	4753
95348	4754
95379	4755
95384	4756
95389	4757
95409	4758
95441	4759
95444	4760
95467	4761
95468	4762
95484	4763
95488	4764
95489	4765
95497	4766
95515	4767
95519	4768
95560	4769
95574	4770
95583	4771
95590	4772
95593	4773
95626	4774
95631	4775
95647	4776
95649	4777
95652	4778
95655	4779
95675	4780
95687	4781
95690	4782
95705	4783
95715	4784
95719	4785
95730	4786
95740	4787
95742	4788
95758	4789
95765	4790
95776	4791
95800	4792
95801	4793
95809	4794
95827	4795
95863	4796
95871	4797
95882	4798
95889	4799
95895	4800
95897	4801
95900	4802
95904	4803
95925	4804
95927	4805
95953	4806
95956	4807
95958	4808
95963	4809
95971	4810
95984	4811
95990	4812
95997	4813
96000	4814
96018	4815
96028	4816
96054	4817
96061	4818
96071	4819
96073	4820
96087	4821
96098	4822
96101	4823
96118	4824
96119	4825
96142	4826
96149	4827
96163	4828
96171	4829
96211	4830
96219	4831
96244	4832
96251	4833
96252	4834
96256	4835
96257	4836
96273	4837
96283	4838
96288	4839
96289	4840
96294	4841
96316	4842
96320	4843
96332	4844
96336	4845
96337	4846
96340	4847
96344	4848
96378	4849
96380	4850
96426	4851
96438	4852
96446	4853
96454	4854
96461	4855
96463	4856
96465	4857
96486	4858
96487	4859
96511	4860
96734	4861
96744	4862
96754	4863
96764	4864
96786	4865
96787	4866
96794	4867
96852	4868
96858	4869
96866	4870
96870	4871
96871	4872
96874	4873
96875	4874
96880	4875
96885	4876
96889	4877
96895	4878
96908	4879
96913	4880
96920	4881
96928	4882
96933	4883
96945	4884
96969	4885
96994	4886
97001	4887
97017	4888
97027	4889
97044	4890
97045	4891
97050	4892
97059	4893
97076	4894
97095	4895
97108	4896
97116	4897
97123	4898
97125	4899
97136	4900
97138	4901
97162	4902
97165	4903
97166	4904
97179	4905
97182	4906
97202	4907
97215	4908
97216	4909
97223	4910
97235	4911
97239	4912
97240	4913
97244	4914
97257	4915
97262	4916
97292	4917
97314	4918
97322	4919
97328	4920
97334	4921
97336	4922
97351	4923
97366	4924
97368	4925
97372	4926
97382	4927
97388	4928
97390	4929
97409	4930
97428	4931
97437	4932
97438	4933
97441	4934
97443	4935
97444	4936
97457	4937
97458	4938
97474	4939
97481	4940
97493	4941
97498	4942
97499	4943
97523	4944
97527	4945
97531	4946
97534	4947
97550	4948
97557	4949
97576	4950
97593	4951
97607	4952
97636	4953
97637	4954
97647	4955
97659	4956
97670	4957
97694	4958
97714	4959
97722	4960
97728	4961
97731	4962
97733	4963
97737	4964
97742	4965
97757	4966
97758	4967
97770	4968
97778	4969
97780	4970
97814	4971
97815	4972
97843	4973
97858	4974
97880	4975
97883	4976
97889	4977
97891	4978
97892	4979
97904	4980
97911	4981
97929	4982
97937	4983
97940	4984
97958	4985
97965	4986
97967	4987
97981	4988
97987	4989
97994	4990
98014	4991
98061	4992
98067	4993
98068	4994
98072	4995
98084	4996
98087	4997
98093	4998
98105	4999
98115	5000
98141	5001
98157	5002
98160	5003
98168	5004
98180	5005
98193	5006
98206	5007
98213	5008
98219	5009
98253	5010
98258	5011
98260	5012
98273	5013
98282	5014
98300	5015
98309	5016
98319	5017
98320	5018
98322	5019
98327	5020
98343	5021
98354	5022
98360	5023
98368	5024
98369	5025
98382	5026
98384	5027
98385	5028
98404	5029
98415	5030
98439	5031
98453	5032
98454	5033
98471	5034
98503	5035
98519	5036
98524	5037
98532	5038
98536	5039
98545	5040
98554	5041
98575	5042
98577	5043
98600	5044
98621	5045
98622	5046
98625	5047
98627	5048
98635	5049
98645	5050
98649	5051
98663	5052
98692	5053
98724	5054
98966	5055
98976	5056
98987	5057
98994	5058
98999	5059
99002	5060
99005	5061
99012	5062
99026	5063
99044	5064
99052	5065
99055	5066
99073	5067
99077	5068
99088	5069
99091	5070
99108	5071
99128	5072
99141	5073
99160	5074
99165	5075
99180	5076
99204	5077
99253	5078
99274	5079
99277	5080
99291	5081
99292	5082
99310	5083
99329	5084
99334	5085
99348	5086
99349	5087
99365	5088
99371	5089
99377	5090
99385	5091
99415	5092
99422	5093
99423	5094
99472	5095
99487	5096
99496	5097
99512	5098
99523	5099
99528	5100
99558	5101
99572	5102
99575	5103
99582	5104
99611	5105
99615	5106
99636	5107
99637	5108
99653	5109
99654	5110
99674	5111
99685	5112
99696	5113
99697	5114
99699	5115
99700	5116
99703	5117
99726	5118
99729	5119
99731	5120
99739	5121
99740	5122
99747	5123
99750	5124
99762	5125
99763	5126
99768	5127
99776	5128
99785	5129
99800	5130
99810	5131
99817	5132
99818	5133
99819	5134
99843	5135
99850	5136
99857	5137
99871	5138
99892	5139
99938	5140
99939	5141
99951	5142
99959	5143
99994	5144
100024	5145
100029	5146
100031	5147
100046	5148
100050	5149
100054	5150
100095	5151
100107	5152
100112	5153
100114	5154
100133	5155
100135	5156
100140	5157
100142	5158
100143	5159
100150	5160
100157	5161
100168	5162
100196	5163
100198	5164
100201	5165
100211	5166
100212	5167
100232	5168
100234	5169
100240	5170
100258	5171
100260	5172
100263	5173
100269	5174
100318	5175
100332	5176
100337	5177
100369	5178
100395	5179
100403	5180
100404	5181
100405	5182
100419	5183
100436	5184
100442	5185
100449	5186
100469	5187
100475	5188
100477	5189
100485	5190
100486	5191
100491	5192
100502	5193
100507	5194
100508	5195
100514	5196
100530	5197
100589	5198
100594	5199
100602	5200
100606	5201
100624	5202
100625	5203
100663	5204
100665	5205
100680	5206
100681	5207
100707	5208
100740	5209
100758	5210
100802	5211
100811	5212
100814	5213
100822	5214
100827	5215
100835	5216
100873	5217
100928	5218
100934	5219
100935	5220
100944	5221
100988	5222
100994	5223
100998	5224
101019	5225
101020	5226
101026	5227
101253	5228
101256	5229
101258	5230
101272	5231
101276	5232
101279	5233
101301	5234
101309	5235
101316	5236
101318	5237
101329	5238
101349	5239
101356	5240
101371	5241
101376	5242
101393	5243
101410	5244
101414	5245
101420	5246
101428	5247
101437	5248
101452	5249
101453	5250
101492	5251
101501	5252
101507	5253
101516	5254
101540	5255
101587	5256
101590	5257
101591	5258
101605	5259
101606	5260
101625	5261
101627	5262
101640	5263
101669	5264
101692	5265
101694	5266
101698	5267
101700	5268
101745	5269
101746	5270
101748	5271
101757	5272
101761	5273
101763	5274
101764	5275
101765	5276
101775	5277
101780	5278
101786	5279
101787	5280
101797	5281
101798	5282
101811	5283
101821	5284
101829	5285
101846	5286
101862	5287
101889	5288
101891	5289
101898	5290
101912	5291
101917	5292
101921	5293
101962	5294
101969	5295
101985	5296
101988	5297
101991	5298
102004	5299
102014	5300
102015	5301
102032	5302
102034	5303
102035	5304
102048	5305
102057	5306
102059	5307
102065	5308
102070	5309
102071	5310
102095	5311
102116	5312
102138	5313
102175	5314
102178	5315
102181	5316
102202	5317
102216	5318
102250	5319
102266	5320
102293	5321
102369	5322
102370	5323
102371	5324
102388	5325
102392	5326
102411	5327
102426	5328
102432	5329
102439	5330
102465	5331
102492	5332
102494	5333
102510	5334
102511	5335
102522	5336
102526	5337
102536	5338
102555	5339
102558	5340
102564	5341
102587	5342
102592	5343
102593	5344
102598	5345
102603	5346
102609	5347
102614	5348
102636	5349
102674	5350
102685	5351
102687	5352
102690	5353
102703	5354
102713	5355
102719	5356
102729	5357
102744	5358
102757	5359
102768	5360
102783	5361
102789	5362
102798	5363
102800	5364
102803	5365
102820	5366
102860	5367
102900	5368
102915	5369
102926	5370
102943	5371
102945	5372
102951	5373
102958	5374
102975	5375
102979	5376
102984	5377
102989	5378
103002	5379
103003	5380
103030	5381
103035	5382
103039	5383
103045	5384
103060	5385
103064	5386
103074	5387
103077	5388
103094	5389
103105	5390
103112	5391
103116	5392
103130	5393
103176	5394
103178	5395
103186	5396
103239	5397
103241	5398
103243	5399
103247	5400
103251	5401
103328	5402
103594	5403
103596	5404
103634	5405
103639	5406
103644	5407
103704	5408
103759	5409
103767	5410
103772	5411
103773	5412
103776	5413
103783	5414
103786	5415
103793	5416
103801	5417
103805	5418
103843	5419
103850	5420
103855	5421
103859	5422
103873	5423
103874	5424
103882	5425
103893	5426
103905	5427
103919	5428
103923	5429
103924	5430
103927	5431
103939	5432
103950	5433
103956	5434
103957	5435
103976	5436
103978	5437
103994	5438
104008	5439
104009	5440
104014	5441
104029	5442
104036	5443
104053	5444
104070	5445
104073	5446
104107	5447
104114	5448
104181	5449
104187	5450
104231	5451
104237	5452
104254	5453
104257	5454
104265	5455
104275	5456
104283	5457
104285	5458
104291	5459
104299	5460
104346	5461
104348	5462
104352	5463
104361	5464
104389	5465
104409	5466
104418	5467
104427	5468
104431	5469
104437	5470
104438	5471
104452	5472
104454	5473
104458	5474
104466	5475
104485	5476
104507	5477
104511	5478
104522	5479
104537	5480
104545	5481
104549	5482
104561	5483
104573	5484
104587	5485
104652	5486
104662	5487
104670	5488
104684	5489
104691	5490
104692	5491
104694	5492
104695	5493
104706	5494
104714	5495
104753	5496
104756	5497
104759	5498
104765	5499
104779	5500
104782	5501
104797	5502
104802	5503
104804	5504
104815	5505
104850	5506
104868	5507
104879	5508
104926	5509
104940	5510
104952	5511
104984	5512
104990	5513
105017	5514
105019	5515
105046	5516
105089	5517
105104	5518
105107	5519
105112	5520
105120	5521
105121	5522
105128	5523
105130	5524
105151	5525
105159	5526
105161	5527
105185	5528
105195	5529
105211	5530
105212	5531
105217	5532
105219	5533
105223	5534
105226	5535
105236	5536
105249	5537
105265	5538
105271	5539
105275	5540
105316	5541
105323	5542
105327	5543
105378	5544
105388	5545
105399	5546
105414	5547
105415	5548
105417	5549
105428	5550
105435	5551
105450	5552
105459	5553
105466	5554
105471	5555
105477	5556
105488	5557
105526	5558
105572	5559
105585	5560
105601	5561
105602	5562
105616	5563
105629	5564
105636	5565
105643	5566
105665	5567
105682	5568
105690	5569
105695	5570
105698	5571
105712	5572
105714	5573
105717	5574
105764	5575
105793	5576
105812	5577
105813	5578
105888	5579
105912	5580
106215	5581
106218	5582
106220	5583
106226	5584
106233	5585
106246	5586
106290	5587
106305	5588
106307	5589
106308	5590
106309	5591
106331	5592
106332	5593
106339	5594
106341	5595
106364	5596
106375	5597
106379	5598
106384	5599
106387	5600
106393	5601
106400	5602
106408	5603
106417	5604
106447	5605
106452	5606
106453	5607
106469	5608
106471	5609
106489	5610
106500	5611
106519	5612
106521	5613
106535	5614
106557	5615
106582	5616
106591	5617
106598	5618
106611	5619
106620	5620
106627	5621
106664	5622
106673	5623
106677	5624
106697	5625
106701	5626
106732	5627
106761	5628
106770	5629
106833	5630
106834	5631
106856	5632
106877	5633
106881	5634
106912	5635
106918	5636
106941	5637
106950	5638
106965	5639
106966	5640
106977	5641
107002	5642
107004	5643
107007	5644
107027	5645
107034	5646
107045	5647
107048	5648
107050	5649
107057	5650
107076	5651
107079	5652
107086	5653
107091	5654
107096	5655
107120	5656
107131	5657
107144	5658
107148	5659
107151	5660
107156	5661
107158	5662
107206	5663
107207	5664
107209	5665
107211	5666
107212	5667
107214	5668
107227	5669
107254	5670
107282	5671
107286	5672
107290	5673
107302	5674
107315	5675
107362	5676
107376	5677
107387	5678
107426	5679
107438	5680
107468	5681
107472	5682
107473	5683
107474	5684
107478	5685
107497	5686
107501	5687
107507	5688
107554	5689
107561	5690
107606	5691
107611	5692
107612	5693
107614	5694
107616	5695
107617	5696
107630	5697
107653	5698
107659	5699
107664	5700
107665	5701
107666	5702
107668	5703
107688	5704
107692	5705
107711	5706
107715	5707
107750	5708
107756	5709
107763	5710
107786	5711
107798	5712
107808	5713
107818	5714
107822	5715
107824	5716
107840	5717
107843	5718
107889	5719
107917	5720
107920	5721
107930	5722
107943	5723
107953	5724
107966	5725
107969	5726
107977	5727
107978	5728
107985	5729
107999	5730
108002	5731
108037	5732
108052	5733
108065	5734
108071	5735
108101	5736
108122	5737
108147	5738
108148	5739
108149	5740
108160	5741
108162	5742
108171	5743
108175	5744
108185	5745
108186	5746
108188	5747
108211	5748
108238	5749
108254	5750
108255	5751
108258	5752
108265	5753
108308	5754
108327	5755
108330	5756
108333	5757
108339	5758
108358	5759
108394	5760
108399	5761
108410	5762
108425	5763
108451	5764
108471	5765
108473	5766
108484	5767
108490	5768
108500	5769
108504	5770
108515	5771
108525	5772
108539	5773
108550	5774
108551	5775
108583	5776
108598	5777
108607	5778
108614	5779
108624	5780
108656	5781
109015	5782
109021	5783
109028	5784
109034	5785
109035	5786
109040	5787
109045	5788
109067	5789
109068	5790
109117	5791
109127	5792
109144	5793
109190	5794
109219	5795
109254	5796
109277	5797
109279	5798
109287	5799
109297	5800
109303	5801
109305	5802
109322	5803
109327	5804
109340	5805
109348	5806
109357	5807
109361	5808
109368	5809
109369	5810
109370	5811
109374	5812
109378	5813
109382	5814
109403	5815
109410	5816
109415	5817
109417	5818
109424	5819
109444	5820
109445	5821
109446	5822
109447	5823
109456	5824
109480	5825
109484	5826
109504	5827
109506	5828
109508	5829
109517	5830
109520	5831
109578	5832
109579	5833
109592	5834
109635	5835
109642	5836
109676	5837
109685	5838
109686	5839
109688	5840
109707	5841
109723	5842
109729	5843
109739	5844
109758	5845
109759	5846
109770	5847
109813	5848
109830	5849
109831	5850
109835	5851
109836	5852
109838	5853
109842	5854
109855	5855
109890	5856
109891	5857
109912	5858
109913	5859
109924	5860
109936	5861
109951	5862
109959	5863
109962	5864
110005	5865
110006	5866
110008	5867
110027	5868
110052	5869
110057	5870
110064	5871
110066	5872
110074	5873
110076	5874
110081	5875
110093	5876
110099	5877
110116	5878
110117	5879
110123	5880
110137	5881
110146	5882
110148	5883
110157	5884
110167	5885
110197	5886
110200	5887
110207	5888
110213	5889
110216	5890
110217	5891
110265	5892
110296	5893
110308	5894
110322	5895
110329	5896
110353	5897
110357	5898
110361	5899
110363	5900
110364	5901
110365	5902
110366	5903
110367	5904
110377	5905
110395	5906
110399	5907
110413	5908
110428	5909
110442	5910
110443	5911
110475	5912
110478	5913
110489	5914
110490	5915
110516	5916
110524	5917
110527	5918
110538	5919
110570	5920
110588	5921
110598	5922
110604	5923
110612	5924
110613	5925
110616	5926
110622	5927
110631	5928
110632	5929
110657	5930
110667	5931
110675	5932
110678	5933
110684	5934
110719	5935
110725	5936
110729	5937
110737	5938
110759	5939
110763	5940
110771	5941
110823	5942
110832	5943
110851	5944
110857	5945
110877	5946
110882	5947
110889	5948
110907	5949
110912	5950
110917	5951
110932	5952
110939	5953
110944	5954
110950	5955
110955	5956
110963	5957
110971	5958
110978	5959
110989	5960
110997	5961
111001	5962
111003	5963
111019	5964
111070	5965
111094	5966
111102	5967
111112	5968
111127	5969
111143	5970
111149	5971
111161	5972
111190	5973
111194	5974
111252	5975
111255	5976
111256	5977
111257	5978
111280	5979
111282	5980
111293	5981
111301	5982
111309	5983
111323	5984
111333	5985
111341	5986
111400	5987
111408	5988
111418	5989
111419	5990
111438	5991
111470	5992
111477	5993
111486	5994
111495	5995
111503	5996
111507	5997
111512	5998
111579	5999
111590	6000
111602	6001
111653	6002
111666	6003
111667	6004
111686	6005
111693	6006
111742	6007
111756	6008
111797	6009
111825	6010
111845	6011
112255	6012
112267	6013
112281	6014
112288	6015
112346	6016
112379	6017
112384	6018
112401	6019
112431	6020
112438	6021
112442	6022
112445	6023
112453	6024
112461	6025
112462	6026
112471	6027
112476	6028
112483	6029
112499	6030
112508	6031
112513	6032
112536	6033
112553	6034
112556	6035
112571	6036
112572	6037
112573	6038
112579	6039
112585	6040
112602	6041
112604	6042
112606	6043
112619	6044
112625	6045
112631	6046
112637	6047
112641	6048
112642	6049
112651	6050
112679	6051
112682	6052
112685	6053
112688	6054
112690	6055
112691	6056
112697	6057
112702	6058
112714	6059
112715	6060
112722	6061
112740	6062
112744	6063
112757	6064
112760	6065
112769	6066
112792	6067
112817	6068
112818	6069
112819	6070
112851	6071
112857	6072
112864	6073
112870	6074
112883	6075
112887	6076
112896	6077
112913	6078
112922	6079
112945	6080
112950	6081
112966	6082
112980	6083
113010	6084
113041	6085
113071	6086
113074	6087
113080	6088
113083	6089
113089	6090
113097	6091
113101	6092
113114	6093
113117	6094
113118	6095
113133	6096
113161	6097
113187	6098
113189	6099
113198	6100
113211	6101
113228	6102
113243	6103
113247	6104
113253	6105
113269	6106
113277	6107
113280	6108
113303	6109
113305	6110
113313	6111
113326	6112
113347	6113
113360	6114
113362	6115
113375	6116
113409	6117
113419	6118
113436	6119
113448	6120
113451	6121
113464	6122
113481	6123
113490	6124
113492	6125
113497	6126
113500	6127
113501	6128
113537	6129
113538	6130
113540	6131
113552	6132
113568	6133
113581	6134
113613	6135
113617	6136
113627	6137
113634	6138
113649	6139